-0.2362974294498827
0.3178303305143817
-0.32228335664578156
0.2904632232816133
-0.20578484064524136
-0.22240084189049134
-0.2601743231547092
-0.52705773101715
-0.09735614202774565
-0.4019554925776062
-0.10343326967551911
0.13550517876080828
-0.07318432672152952
-0.37267912662309266
-0.19526734911501506
-0.26920890673223413
-0.3082179117570518
-0.4097930556053385
-0.4212061779128077
0.21273419519054484
0.2343017062046378
0.22896535614483343
-0.5547299814872437
-0.1390285954977721
-0.2870289172214476
-0.33266809869467884
-0.32184503693356625
-0.6457552899307506
-0.529934072415456
0.07893707863431443
0.1407693964047135
-0.5667380577964338
-0.6550146870738567
0.06150048850132861
-0.09326966956743249
0.2678844178848881
-0.5803546168361167
0.13917743931540558
-0.44103860413176277
0.29570552408830525
0.1750325921562094
-0.09769589691827693
-0.2308532244818921
0.01303261819895965
0.155203773612115
-0.4929080546392257
0.10853915831636493
0.15860957764679093
0.1481249303497578
-0.6474588298109143
-0.217219641200709
-0.2783981066816336
-0.44533929655711535
0.23405269726203098
0.3220321360697155
-0.086607463049104
0.21244643459290338
-0.13429758108913162
-0.10097072232974888
0.25113178318001267
0.2913860909767622
-0.036238010881556204
-0.2257267781508939
-0.2580574458473697
-0.16315374993670703
-0.23796261543668068
0.05830757651616736
0.285896727062474
0.16186637212002272
-0.33391348681076516
-0.43789169798056793
-0.577307796916485
0.17090172606669576
0.30868738983396826
-0.5061332279118302
-0.051934792085383034
0.34371909040997106
-0.2654480748902652
-0.532716167092959
0.16640022564238158
0.3270358077679829
-0.26133259667191994
-0.6104654133182024
-0.25522347297207176
0.23952818219001976
0.18558495213930762
-0.5838783567654213
-0.08231931190771047
-0.4078133790121189
-0.6513205678212814
-0.562903560665656
-0.65174671648192
-0.24503972195394058
-0.09662114463361679
-0.22553498447628337
-0.38744234346946826
-0.24271189266357857
0.24327345167633402
-0.4254394172767878
0.20071127246657441
-0.3518118906947316
-0.6353913730673659
-0.1960852894956787
0.3331070543445418
0.28948912205606253
-0.22008865715282863
0.23542140326233102
0.03685429710675131
-0.30275912356602735
-0.04712394108430545
-0.6033882018177414
0.10099629325165929
-0.4803434657779211
-0.019885299344532398
-0.19853972871223155
0.19547876006347978
0.005184148998332666
-0.09896555396421744
-0.08796502720573968
-0.14704951816057707
-0.5029047013000247
-0.31542576095074093
-0.28569749337780875
0.2001788182708957
0.02788832079866202
-0.3737534326389226
-0.5676258046655627
-0.35053089517822045
-0.21981447155519038
0.0006441531368795023
0.024871836358513394
-0.03657688455428476
0.10556807830139994
-0.3102378198615734
-0.5381683548618184
-0.4628907687834398
0.3218060877861081
-0.19284626003442104
-0.2619540196675217
-0.35908971892107644
0.05876447352797287
0.007844467609285088
0.039367841019780525
-0.43340744668934617
0.21746847356421975
0.06360974109322504
0.14933427285260212
-0.026573774337284972
-0.19526245570771436
0.23526389347555693
-0.360653360155867
-0.21770947366115176
-0.15207771128052347
0.28850702392040467
-0.14218518820064716
-0.3993113867584345
-0.11357780262746256
0.013550761800893124
-0.07778324584560092
-0.20457678062048765
0.07093996040424921
0.14956643135065859
-0.5265769744440958
0.230102434599132
-0.5686530246051551
-0.6011713933437333
-0.14662740217837952
-0.4544508694065412
0.343254572000553
-0.0144724293868434
-0.14712741115640823
0.14115021365072242
0.29060806054138205
0.039317627581658354
0.30767275143072037
-0.2751735708939392
-0.013569886832815958
-0.020224819603393146
-0.3355134917958239
-0.47280007888965014
-0.3367708397148472
0.25536949356412303
0.016174229249229816
-0.5249869621729266
-0.20576351803227275
-0.1867473691135115
-0.3272329532410275
-0.2868123685611002
-0.18906086531854957
0.2553192503814829
0.17096093458247355
0.2985444199094191
-0.19096391775106578
-0.6255458784851966
-0.24333630178019788
0.3406369668193324
0.18666590751706227
0.28951296089544504
-0.09676880762677151
-0.44437258232176313
0.23557399092994685
-0.41765282729192943
-0.6163621504720609
0.22279146154954738
0.2202310674497703
-0.3517936060500506
-0.4830365797666134
-0.15062543499891476
0.08185063464808096
-0.5043719212164866
-0.06639993503584107
-0.2943775577145005
-0.06716031345909479
-0.394568297439182
-0.42354162994813416
-0.398203297948878
-0.3347053314149432
-0.09695110615486743
0.016982380692796978
-0.1429249342397206
-0.27431856346374844
-0.5423538836805661
-0.6118039638804103
0.1313082922988845
-0.476113449556649
-0.1653185108445828
0.14325771654189298
-0.4910945753765035
-0.35272444806865777
-0.21991131160419772
0.29997901689459233
-0.4107534956140352
-0.6146000513138556
0.18446491974989668
0.25840815796099986
-0.3944548728226651
-0.6137572980937609
-0.14537763528971523
0.16118912916100078
0.20520923237918812
0.03253942995361325
-0.44654753085305443
0.22699500362787178
0.06335500768070407
-0.6424773341048093
-0.06252969635510047
-0.37257067895770746
-0.520974702214603
-0.4775282773231857
-0.528037971109143
0.21718756938804887
0.24018715297663046
0.33047881810817836
0.31932523266849067
0.02427138020892558
-0.08544895189457574